[welcomebg.jpg]
filters=autolight=1;finetune2=1,0.000000,0.000000,0.000000,00000000,0.520468;
moddate=9aacc6ca079ad301
width=850
height=314
textactive=0
